intrinsic:
1008.3965794769907 0.0 639.9002466305557 
0.0 1006.3192577759145 377.4346400706293 
0.0 0.0 1.0 
distortion:
0.07827204227077265 -2.2785361955442314 0.0006741553702868243 -0.001536162162484709 18.12959969394041 
