intrinsic:
1031.0837232778206 0.0 628.6787772241261 
0.0 1029.079846770317 384.79858419131233 
0.0 0.0 1.0 
distortion:
-0.06689177550203487 0.7379494390742132 0.0016122031829244824 -0.0018304260511287607 -1.8227651098271316 
