intrinsic:
527.2236994891039 0.0 649.2153753365496 
0.0 526.562696427551 351.7389926216726 
0.0 0.0 1.0 
distortion:
0.0017314806055173057 0.020033134186818173 -0.0016770117659789944 0.0004358198844798617 -0.036885768980782586 
