intrinsic:
669.8314469153793 0.0 614.1396551890904 
0.0 669.6637724753191 335.40274920501156 
0.0 0.0 1.0 
distortion:
-0.02421397527716177 0.11012848621418772 -0.00287023913111277 0.0010369868332509747 -0.2015377629646815 
